0.0
0.0
0.0
0.0
0.0
0.0
0.0
0.0
0.0
0.0
0.0
0.0
0.0
0.0
0.0
0.0
0.0
0.0
0.0
0.0
0.0
0.0
0.0
0.0
0.0
0.0
0.0
0.0
0.0
0.0
0.0
0.0
0.0
0.0
0.0
0.0
0.0
0.0
0.0
0.0
0.0
0.0
0.0
0.0
0.0
0.0
0.0
0.0
0.0
0.0
0.0
0.0
0.0
0.0
0.0
0.0
0.0
0.0
0.0
0.0
0.0
0.0
0.0
0.0
0.0
0.0
0.0
0.0
0.0
0.0
0.0
0.0
0.0
0.0
0.0
0.0
0.0
0.0
0.0
0.0
0.0
0.0
0.0
0.0
0.0
0.0
0.0
0.0
0.0
0.0
0.0
0.0
0.0
0.0
0.0
0.0
0.0
0.0
0.0
0.0
0.0
0.0
0.0
0.0
0.0
0.0
0.0
0.0
0.0
0.0
0.0
0.0
0.0
0.0
0.0
0.0
0.0
0.0
0.0
0.0
0.0
0.0
0.0
0.0
0.0
0.0
0.0
0.0
0.0
0.0
0.0
0.0
0.0
0.0
0.0
0.0
0.0
0.0
0.0
0.0
0.0
0.0
0.0
0.0
0.0
0.0
0.0
0.0
0.0
0.0
0.0
0.0
0.0
0.0
0.0
0.0
0.0
0.0
0.0
0.0
0.0
0.0
0.0
0.0
0.0
0.0
0.0
0.0
0.0
0.0
0.0
0.0
0.0
0.0
0.0
0.0
0.0
0.0
0.0
0.0
0.0
0.0
0.0
0.0
0.0
0.0
0.0
0.0
0.0
0.0
0.0
0.0
0.0
0.0
0.0
0.0
0.0
0.0
0.0
0.0
0.0
0.0
0.0
0.0
0.0
0.0
0.0
0.0
0.0
0.0
0.0
0.0
0.0
0.0
0.0
0.0
0.0
0.0
0.0
0.0
0.0
0.0
0.0
0.0
0.0
2.7086315305551594E-5
3.0605481796423594E-5
3.481859298723608E-5
3.9948963184445895E-5
4.625515816004061E-5
5.403269120232583E-5
6.36156612312522E-5
7.537832634453742E-5
8.973660639878987E-5
1.0714950849849349E-4
1.2812046956311375E-4
1.5319861046721997E-4
1.8297989659835955E-4
2.1810820005048888E-4
2.5927625906492437E-4
3.072265307437893E-4
3.627519334904802E-4
4.266964760754154E-4
4.99955770680718E-4
5.834774277421728E-4
6.782613308782739E-4
7.853597906719167E-4
9.058775765477366E-4
0.0010409718264649472
0.0011918518346193394
0.0013597787178163115
0.0015460649616373862
0.001752073847973127
0.001979218765933916
0.0022289624085742583
0.0025028158582744977
0.002802337564014005
0.0031291322141411646
0.0034848495085943393
0.003871182834856073
0.004289867852225532
0.00474268098927309
0.005231437859593644
0.005757991601201265
0.006324231145107132
0.006932079418792985
0.007583491490436525
0.00828045265985918
0.009024976502253668
0.009819102870807112
0.01066489586436656
0.011564441766295782
0.012519846960650062
0.013533235831744454
0.01460674865311631
0.01574253947178311
0.01694277399357176
0.01820962747515329
0.01954528262824475
0.020951927541258814
0.022431753623472037
0.02398695357656229
0.02561971939812795
0.02733224042154823
0.029126701396279455
0.03100528061240832
0.03297014807299535
0.03502346371744954
0.03716737569888029
0.03940401871806147
0.04173551241634366
0.044163959829538184
0.04669144590448938
0.049320036079748365
0.05205177493145202
0.05488868488521809
0.057832764994573356
0.060885989786137976
0.0640503081715253
0.06732764242563086
0.0707198872307394
0.07422890878562158
0.07785654397856517
0.08160459962305101
0.08547485175459119
0.08946904498703401
0.09358889192647527
0.09783607264073707
0.10221223418224308
0.1067189901619557
0.1113579203719602
0.11613057045414339
0.12103845161234847
0.12608304036530998
0.1312657783376211
0.1365880720859316
0.14205129295757596
0.1476567769788011
0.15340582476975737
0.15929970148347425
0.16533963676602914
0.1715268247351853
0.17786242397482666
0.1843475575425885
0.19098331298813354
0.1977707423796674
0.20471086233631558
0.2118046540641307
0.21905306339362474
0.22645700081676876
0.23401734152163664
0.24173492542288105
0.24961055718646422
0.2576450062471215
0.26583900681726813
0.27419325788607435
0.2827084232077283
0.29138513127790605
0.3002239752977247
0.30922551312450614
0.31839026720889757
0.3277187245179769
0.337211336444098
0.34686851869946683
0.3566906511963754
0.3666780779133398
0.37683110674741754
0.38715000935302335
0.3976350209678136
0.40828634022621274
0.41910412896125854
0.43008851199554754
0.44123957692216664
0.4525573738764889
0.46404191529992916
0.4756931756966137
0.48751109138404775
0.49949556023922387
0.5116464414408967
0.5239635552097182
0.5364466825471683
0.5490955649747139
0.5619099042744496
0.5748893622324756
0.5880335603863106
0.6013420797776948
0.6148144607120777
0.6284502025257007
0.6422487633621848
0.6562095599591719
0.6703319674464593
0.6846153191570549
0.699058906451716
0.7136619785583614
0.7284237424275462
0.7433433626045178
0.758419961119139
0.7736526173945424
0.789040368174943
0.8045822074741654
0.8202770865446394
0.8361239138682172
0.8521215551693302
0.868268833450701
0.8845645290522465
0.90100737973406
0.9175960807829582
0.9343292851438163
0.9512056035754761
0.9682236048312375
0.9853818158651211
1.002678722062391
1.0201127674963053
1.037682355209343
1.055385847520262
1.0732215663561153
1.0911877936095238
1.1092827715209215
1.127504703085582
1.145851752485178
1.1643220455444663
1.1829136702105494
1.2016246770582835
1.2204530798167657
1.2393968559207877
1.2584539470845812
1.2776222598976779
1.2968996664436712
1.316284004939951
1.3357730803987418
1.3553646653096156
1.3750565003412347
1.3948462950643115
1.4147317286934022
1.43471045084675
1.4547800823268198
1.474938215916787
1.4951824171953523
1.5155102253685797
1.5359191541183135
1.5564066924668007
1.576970305656019
1.5976074360423742
1.6183155040064714
1.639091908876377
1.659934029863618
1.6808392270137738
1.7018048421677012
1.722828199935024
1.7439066086804056
1.765037361518257
1.7862177373190669
1.807445001725362
1.8287164081765368
1.8500291989413107
1.871380606159702
1.8927678528918794
1.9141881541712196
1.9356387180696746
1.9571167467608739
1.9786194375948263
2.000143984172853
2.021687577426658
2.0432474067038022
2.0648206608496498
2.086404529297641
2.1079962031539856
2.129592876288754
2.1511917464215515
2.1727900162090554
2.1943848943303523
2.2159735965677023
2.237553346887546
2.259121378513237
2.2806749349984976
2.302211271286721
2.323727654774552
2.3452213663594508
2.3666897014858943
2.3881299711772614
2.409539503057795
2.430915642376924
2.45225575300429
2.4735572184233803
2.4948174427125958
2.5160338515091167
2.5372038929623377
2.5583250386655054
2.579394784585081
2.600410651954685
2.6213701881696476
2.642270967650381
2.663110592698974
2.6838866943198116
2.704596933041655
2.7252389996972592
2.7458106161966906
2.766309536272498
2.786733546202255
2.8070804655052957
2.827348147624381
2.8475344805749288
2.867637387567896
2.8876548276137566
2.907584796093497
2.9274253253150064
2.94717448502837
2.966830382918161
2.986391165078853
3.005855016444201
3.025220161206601
3.0444848631949633
3.0636474262292914
3.082706194448132
3.101659552605426
3.1205059263355146
3.1392437823947503
3.1578716288703177
3.176388015362406
3.194791533133767
3.213080815236232
3.2312545366037106
3.2493114141204344
3.2672502066441993
3.2850697150563235
3.3027687821864475
3.3203462928150174
3.3378011735720463
3.3551323928555234
3.37233896069133
3.3894199285843456
3.4063743893557827
3.4232014769152457
3.4399003660502956
3.456470272172133
3.4729104510402777
3.4892201984598543
3.505398849964706
3.521445780478011
3.537360403948888
3.5531421729628363
3.5687905783362623
3.5843051487121613
3.59968545009518
3.6149310854129055
3.6300416940207043
3.6450169512310566
3.6598565677848427
3.6745602893376486
3.6891278959388245
3.703559201453814
3.717854053010882
3.7320123304415915
3.7460339456744265
3.759918842152743
3.773666994208412
3.7872784064841056
3.8007531132796544
3.8140911779176037
3.8272926921358703
3.840357775412315
3.8532865743395206
3.8660792619403708
3.8787360370823194
3.8912571236912754
3.9036427702277194
3.9158932489222025
3.9280088551302583
3.939989906703204
3.951836743262902
3.9635497255779057
3.9751292348699963
3.986575672143232
3.997889457556198
4.009071029702113
4.020120845014986
4.031039377051286
4.041827115885781
4.052484567427314
4.063012252794323
4.073410707672622
4.0836804816861445
4.093822137747338
4.103836251465339
4.113723410513188
4.123484214020976
4.133119271973783
4.1426292045964885
4.152014641824167
4.16127622266589
4.170414594640931
4.179430413229795
4.188324341320708
4.197097048672845
4.205749211303214
4.214281511089894
4.222694635090875
4.230989275188961
4.239166127452904
4.247225891740925
4.255169271192926
4.2629969717000336
4.270709701493956
4.278308170686898
4.285793090789241
4.29316517429254
4.300425134294073
4.307573683950807
4.314611536192103
4.321539403214672
4.328357996211366
4.3350680248495905
4.341670197035285
4.3481652184295285
4.3545537921661435
4.360836618478345
4.367014394352736
4.373087813228551
4.3790575646731895
4.38492433403502
4.390688802155921
4.396351645098434
4.401913533870697
4.407375134056451
4.412737105646556
4.418000102763187
4.4231647733306545
4.428231758906975
4.433201694379477
4.438075207848101
4.442852920246935
4.447535445204949
4.452123388859263
4.456617349601515
4.461017917917616
4.46532567617237
4.469541198424395
4.473665050252521
4.477697788624596
4.481639961665451
4.485492108521271
4.489254759223513
4.492928434570558
4.496513645869754
4.5000108949346895
4.5034206738299645
4.506743464882106
4.509979740435256
4.513129962801713
4.516194584113464
4.519174046222588
4.522068780609288
4.524879208318907
4.527605739783212
4.530248774784013
4.532808702374382
4.535285900719828
4.537680737150708
4.53999356796578
4.542224738433561
4.544374582650903
4.546443423569826
4.548431572884624
4.550339330953193
4.552166986774978
4.553914817954251
4.5555830905979064
4.557172059305913
4.558681967103894
4.560113045423691
4.561465514028782
4.562739581061351
4.563935442867773
4.565053284161081
4.566093277716618
4.567055584661716
4.5679403542036425
4.568747723686442
4.569477818676319
4.57013075272971
4.57070662750948
4.5712055328474435
4.5716275465021
4.571972734391011
4.572241150383547
4.572432836418898
4.5725478224358085
4.572586126454894
4.572547754431071
4.572432700330978
4.572240946244051
4.571972462141616
4.571627206108474
4.571205124232165
4.570706150624005
4.57013020743841
4.569477204939176
4.568747041405572
4.567939603206355
4.567054764823297
4.566092388909624
4.565052326194518
4.563934415626022
4.562738484292595
4.561464347597166
4.560111809076034
4.558680660675918
4.557170682543415
4.555581643256687
4.553913299798978
4.552165397506087
4.550337670298063
4.548429840560175
4.546441619283655
4.544372706075819
4.542222789231346
4.539991545834027
4.537678641737898
4.535283731646814
4.5328064592550845
4.530246457251792
4.527603347446529
4.52487674074689
4.5220662373973255
4.5191714269244585
4.5161918883128465
4.51312719003613
4.509976890264738
4.506740536791085
4.503417667331632
4.500007809538943
4.496510481087967
4.492925189870334
4.489251434068251
4.485488702353109
4.481636473953017
4.477694218787406
4.47366139773294
4.469537462625567
4.465321856494825
4.4610140137623375
4.456613360365793
4.452119313881894
4.4475312838719105
4.442848671916067
4.438070871857292
4.433197270077073
4.4282272455840825
4.423160170333631
4.417995409389448
4.4127323212068745
4.407370257832895
4.401908565124813
4.3963465831459985
4.39068364622068
4.384919083386251
4.3790522185692
4.37308237090798
4.367008855035465
4.360830981396873
4.354548056550641
4.348159383486973
4.341664261979247
4.335061988883467
4.328351858510132
4.32153316298502
4.314605192595536
4.307567236207888
4.300418581542033
4.293158515722837
4.285786325536549
4.27830129793341
4.270702720402653
4.262989881425199
4.255162070890719
4.247218580566482
4.239158704532144
4.230981739666845
4.222686986145277
4.214273747852303
4.205741332923537
4.197089054277114
4.188316230072132
4.179422184251791
4.170406247106882
4.161267755708309
4.152006054623143
4.142620496268989
4.1331104416967435
4.123475260955502
4.113714333831524
4.103827050336577
4.093812811338296
4.083671029184643
4.073401128270575
4.063002545686004
4.052474731816801
4.0418171509864464
4.031029282074655
4.020110619209561
4.009060672288115
3.9978789677913085
3.986565049294825
3.975118478201665
3.963538834391045
3.9518257168480773
3.9399787443691423
3.9279975562013476
3.915881812742839
3.9036311961656054
3.891245411113232
3.878724185371823
3.8660672705203325
3.853274442622464
3.840345502853779
3.827280278198785
3.814078622087905
3.8007404150644817
3.7872655654148133
3.77365400983291
3.7599057140347014
3.7460206734266706
3.731998913685686
3.7178404913863545
3.7035454946336017
3.68911404362332
3.6745462912548277
3.65984242368539
3.6450026608973616
3.6300272572664056
3.6149165020764826
3.599670720049758
3.5842902718539733
3.5687755546013946
3.553127002311861
3.5373450863884344
3.521430316037012
3.5053832387026915
3.4892044404766196
3.472894546472844
3.4564542211877765
3.439884168851023
3.4231851337443686
3.406357900494207
3.389403294348554
3.3723221814256235
3.3551154689606335
3.337784105472835
3.3203290809802226
3.30275142712685
3.2850522173163483
3.267232566817114
3.2492936328257187
3.2312366145190694
3.2130627530679483
3.1947733316304827
3.1763696753216166
3.157853151122854
3.1392251678127714
3.120487175837386
3.1016406671521324
3.0826871750389095
3.0636282739068506
3.044465579044413
3.025200746356468
3.0058354720636338
2.9863714923792735
2.9668105831532294
2.9471545594954627
2.9274052753500204
2.9075646230752916
2.8876345329645456
2.867616972749145
2.8475139470932653
2.827327497021697
2.8070596993668655
2.786712666153237
2.766288543981501
2.7457895133693793
2.7252177880764137
2.7045756144135353
2.68386527050672
2.6630890655621133
2.642249339089359
2.6213484601199637
2.6003888263909767
2.579372863515305
2.5583030241364693
2.537181787052262
2.5160116563343378
2.4947951604232506
2.473534851201271
2.452233303065249
2.4308931119677153
2.4095168944577283
2.3881072866942272
2.366666943462656
2.3451985371632853
2.3237047568032803
2.3021883069654443
2.28065190678005
2.2590982888783078
2.237530198338812
2.215950391635456
2.1943616355667452
2.17276670619042
2.1511683877460746
2.1295694715753823
2.107972755043474
2.0863810404495124
2.064797133942628
2.043223844434303
2.0216639825080907
2.000120359334395
1.978595785581075
1.9570930703306364
1.9356150199945041
1.914164437235909
1.8927441198924722
1.8713568599032437
1.8500054422429812
1.828692643861825
1.807421232626109
1.7861939662748734
1.7650135913741534
1.7438828422866115
1.7228044401452713
1.7017810918389802
1.6808154890051783
1.6599103070352736
1.6390682040881557
1.6182918201185656
1.5975837759122526
1.5769466721393557
1.5563830884150753
1.5358955823785871
1.515486688782511
1.4951589185985954
1.4749147581375992
1.454756668185595
1.4346870831543037
1.414708410251045
1.394823028662667
1.37503328875889
1.3553415113129392
1.3357499867408114
1.3162609743593656
1.2968767016642537
1.277599363627235
1.2584311220143176
1.2393741047246596
1.2204304051502384
1.2016020815579487
1.1828911564932925
1.1642996162065462
1.1458294101020539
1.127482450210449
1.1092606106846183
1.0911657273196034
1.073199597096167
1.0553639777493662
1.0376605873615778
1.0200911039799647
1.0026571652594496
0.9853603681307698
0.9682022684932396
0.9511843809336891
0.934308178469909
0.9175750923195722
0.9009865116945681
0.8845437836204197
0.8682482127801003
0.8521010613831331
0.8361035490586308
0.8202568527728389
0.8045621067697237
0.7890204025356964
0.7736327887862136
0.7584002714752538
0.7433238138259354
0.7284043363824656
0.7136427170819793
0.6990397913461535
0.6845963521911635
0.6703131503556536
0.6561908944453172
0.6422302510935606
0.6284318451367875
0.6147962598035528
0.6013240369163728
0.588015677104968
0.5748716400299247
0.5618923446154576
0.5490781692898952
0.5364294522330321
0.5239464916285729
0.5116295459208137
0.4994788340740238
0.48749453583328695
0.4756767919854369
0.46402570461914266
0.4525413373823688
0.4412237157364946
0.4300728272054232
0.4190886216190488
0.4082710113494404
0.39761987153897305
0.38713504031946977
0.37681631902115315
0.36666347237084096
0.35667622867827575
0.34685428001036817
0.3371972823522779
0.32770485575502883
0.31837658446940814
0.3092120170656866
0.3002106665389355
0.29137201040023797
0.2826954907535109
0.2741805143583509
0.26582645267920735
0.257632641921472
0.24959838305484652
0.24172294182517234
0.23400554875522267
0.22644539913583323
0.2190416530083449
0.21179343513987686
0.20469983499280234
0.1977599066900769
0.1909726689782096
0.18433710518972357
0.1778521632070859
0.171516755430346
0.16532975875057354
0.1592900145315886
0.15339632860233327
0.14764747126236935
0.1420421773033045
0.1365791460485546
0.13125704141444758
0.12607449199517895
0.12103009117464222
0.11612239726778742
0.11134993369445849
0.10671118918846577
0.10220461804465862
0.09782864040683148
0.09358164259909574
0.0894619775033303
0.08546796498531004
0.08159789237189845
0.077850014981621
0.074222556710844
0.07071371067754963
0.06732163992458272
0.0640444781840549
0.060880330704437345
0.05782727514154007
0.05488336251452706
0.05204661822774761
0.04931504315893239
0.046686614814153114
0.044159288549529496
0.04173099885943009
0.039399660730761885
0.03716317106242123
0.035019410148868786
0.032966243226379144
0.031001522080285067
0.029123086711155335
0.027328767057592684
0.025616384773012243
0.02398375505344572
0.022428688513128046
0.020948993104365453
0.01954247607780145
0.01820694597906186
0.016940214677342944
0.01574009942139473
0.014604424917990725
0.013531025427868135
0.012517746873807486
0.01156244895543421
0.01066300726505354
0.009817315398816638
0.009023287057232411
0.008278858129093188
0.0075819887526882585
0.00693066534822569
0.006322902615259686
0.005756745489022759
0.00523027104951333
0.004741590377311386
0.004288850350122955
0.0038702353742045073
0.0034839690449761564
0.0031283157312476475
0.0028015820777390742
0.0025021184207715216
0.0022283201122591614
0.001978628747428628
0.0017515332919693515
0.0015455711046747371
0.0013593288519628656
0.001191443311035553
0.0010406020588455331
9.055440444290597E-4
7.850600425933385E-4
6.779929873842464E-4
5.832381842180764E-4
4.997434000096498E-4
4.26508831110464E-4
3.625869493280283E-4
3.070822267962019E-4
2.5915074091934756E-4
2.1799966111057186E-4
1.8288661950123045E-4
1.5311896827141888E-4
1.280529267020555E-4
1.0709262149660716E-4
8.9689024347328E-5
7.533879113505366E-5
6.358300754607041E-5
5.400584626177676E-5
4.623314122738195E-5
3.993088483031368E-5
3.4803654116425974E-5
3.0592972440573E-5
2.707561318634485E-5
0.0
0.0
0.0
0.0
0.0
0.0
0.0
0.0
0.0
0.0
0.0
0.0
0.0
0.0
0.0
0.0
0.0
0.0
0.0
0.0
0.0
0.0
0.0
0.0
0.0
0.0
0.0
0.0
0.0
0.0
0.0
0.0
0.0
0.0
0.0
0.0
0.0
0.0
0.0
0.0
0.0
0.0
0.0
0.0
0.0
0.0
0.0
0.0
0.0
0.0
0.0
0.0
0.0
0.0
0.0
0.0
0.0
0.0
0.0
0.0
0.0
0.0
0.0
0.0
0.0
0.0
0.0
0.0
0.0
0.0
0.0
0.0
0.0
0.0
0.0
0.0
0.0
0.0
0.0
0.0
0.0
0.0
0.0
0.0
0.0
0.0
0.0
0.0
0.0
0.0
0.0
0.0
0.0
0.0
0.0
0.0
0.0
0.0
0.0
0.0
0.0
0.0
0.0
0.0
0.0
0.0
0.0
0.0
0.0
0.0
0.0
0.0
0.0
0.0
0.0
0.0
0.0
0.0
0.0
0.0
0.0
0.0
0.0
0.0
0.0
0.0
0.0
0.0
0.0
0.0
0.0
0.0
0.0
0.0
0.0
0.0
0.0
0.0
0.0
0.0
0.0
0.0
0.0
0.0
0.0
0.0
0.0
0.0
0.0
0.0
0.0
0.0
0.0
0.0
0.0
0.0
0.0
0.0
0.0
0.0
0.0
0.0
0.0
0.0
0.0
0.0
0.0
0.0
0.0
0.0
0.0
0.0
0.0
0.0
0.0
0.0
0.0
0.0
0.0
0.0
0.0
0.0
0.0
0.0
0.0
0.0
0.0
0.0
0.0
0.0
0.0
0.0
0.0
0.0
0.0
0.0
0.0
0.0
0.0
0.0
0.0
0.0
0.0
0.0
0.0
0.0
0.0
0.0
0.0
0.0
0.0
0.0
0.0
0.0
0.0
0.0
0.0
0.0
0.0
0.0
0.0
0.0
0.0
0.0
0.0
0.0
0.0
0.0
0.0
0.0
0.0
0.0
0.0
0.0
0.0
0.0
0.0
0.0
0.0
0.0
0.0
0.0
0.0
0.0
0.0
0.0
0.0
0.0
0.0
0.0
0.0
0.0
0.0
0.0
0.0
0.0
0.0
0.0
0.0
0.0
0.0
0.0
0.0
0.0
0.0
0.0
0.0
0.0
0.0
0.0
0.0
0.0
0.0
0.0
0.0
0.0
0.0
0.0
0.0
0.0
0.0
0.0
0.0
0.0
0.0
0.0
0.0
0.0
0.0
0.0
0.0
0.0
0.0
0.0
0.0
0.0
0.0
0.0
0.0
0.0
0.0
0.0
0.0
0.0
0.0
0.0
0.0
0.0
0.0
0.0
0.0
0.0
0.0
0.0
0.0
0.0
0.0
0.0
0.0
0.0
0.0
0.0
0.0
0.0
0.0
0.0
0.0
0.0
0.0
0.0
0.0
0.0
0.0
0.0
0.0
0.0
0.0
0.0
0.0
0.0
0.0
0.0
0.0
0.0
0.0
0.0
0.0
0.0
0.0
0.0
0.0
0.0
0.0
0.0
0.0
0.0
0.0
0.0
0.0
0.0
0.0
0.0
0.0
0.0
0.0
0.0
0.0
0.0
0.0
0.0
0.0
0.0
0.0
0.0
0.0
0.0
0.0
0.0
0.0
0.0
0.0
0.0
0.0
0.0
0.0
0.0
0.0
0.0
0.0
0.0
0.0
0.0
0.0
0.0
0.0
0.0
0.0
0.0
0.0
0.0
0.0
0.0
0.0
0.0
0.0
0.0
0.0
0.0
0.0
0.0
0.0
0.0
0.0
0.0
0.0
0.0
0.0
0.0
0.0
0.0
0.0
0.0
0.0
0.0
0.0
0.0
0.0
0.0
0.0
0.0
0.0
0.0
0.0
0.0
0.0
0.0
0.0
0.0
0.0
0.0
0.0
0.0
0.0
0.0
0.0
0.0
0.0
0.0
0.0
0.0
0.0
0.0
0.0
0.0
0.0
0.0
0.0
0.0
0.0
0.0
0.0
0.0
0.0
0.0
0.0
0.0
0.0
0.0
0.0
0.0
0.0
0.0
0.0
0.0
0.0
0.0
0.0
0.0
0.0
0.0
0.0
0.0
0.0
0.0
0.0
0.0
0.0
0.0
0.0
0.0
0.0
0.0
0.0
0.0
0.0
0.0
0.0
0.0
0.0
0.0
0.0
0.0
0.0
0.0
0.0
0.0
0.0
0.0
0.0
0.0
0.0
0.0
0.0
0.0
0.0
0.0
0.0
0.0
0.0
0.0
0.0
0.0
0.0
0.0
0.0
0.0
0.0
0.0
0.0
0.0
0.0
0.0
0.0
0.0
0.0
0.0
0.0
0.0
0.0
0.0
0.0
0.0
0.0
0.0
0.0
0.0
0.0
0.0
0.0
0.0
0.0
0.0
0.0
0.0
0.0
0.0
0.0
0.0
0.0
0.0
0.0
0.0
0.0
0.0
0.0
0.0
0.0
0.0
0.0
0.0
0.0
0.0
0.0
0.0
0.0
0.0
0.0
0.0
0.0
0.0
0.0
0.0
0.0
0.0
0.0
0.0
0.0
0.0
0.0
0.0
0.0
0.0
0.0
0.0
0.0
0.0
0.0
0.0
0.0
0.0
0.0
0.0
0.0
0.0
0.0
0.0
0.0
0.0
0.0
0.0
0.0
0.0
0.0
0.0
0.0
0.0
0.0
0.0
0.0
0.0
0.0
0.0
0.0
0.0
0.0
0.0
0.0
0.0
0.0
0.0
0.0
0.0
0.0
0.0
0.0
0.0
0.0
0.0
0.0
0.0
0.0
0.0
0.0
0.0
0.0
0.0
0.0
0.0
0.0
0.0
0.0
0.0
0.0
0.0
0.0
0.0
0.0
0.0
0.0
0.0
0.0
0.0
0.0
0.0
0.0
0.0
0.0
0.0
0.0
0.0
0.0
0.0
0.0
0.0
0.0
0.0
0.0
0.0
0.0
0.0
0.0
0.0
0.0
0.0
0.0
0.0
0.0
0.0
0.0
0.0
0.0
0.0
0.0
0.0
0.0
0.0
0.0
0.0
0.0
0.0
0.0
0.0
0.0
0.0
0.0
0.0
0.0
0.0
0.0
0.0
0.0
0.0
0.0
0.0
0.0
0.0
0.0
0.0
0.0
0.0
0.0
0.0
0.0
0.0
0.0
0.0
0.0
0.0
0.0
0.0
0.0
0.0
0.0
0.0
0.0
0.0
0.0
0.0
0.0
0.0
0.0
0.0
0.0
0.0
0.0
0.0
0.0
0.0
0.0
0.0
0.0
0.0
0.0
0.0
0.0
0.0
0.0
0.0
0.0
0.0
0.0
0.0
0.0
0.0
0.0
0.0
0.0
0.0
0.0
0.0
0.0
0.0
0.0
0.0
0.0
0.0
0.0
0.0
0.0
0.0
0.0
0.0
0.0
0.0
0.0
0.0
0.0
0.0
0.0
0.0
0.0
0.0
0.0
0.0
0.0
0.0
0.0
0.0
0.0
0.0
0.0
0.0
0.0
0.0
0.0
0.0
0.0
0.0
0.0
0.0
0.0
0.0
0.0
0.0
0.0
0.0
0.0
0.0
0.0
0.0
0.0
0.0
0.0
0.0
0.0
0.0
0.0
0.0
0.0
0.0
0.0
0.0
0.0
0.0
0.0
0.0
0.0
0.0
0.0
0.0
0.0
0.0
0.0
0.0
0.0
0.0
0.0
0.0
0.0
0.0
0.0
0.0
0.0
0.0
0.0
0.0
0.0
0.0
0.0
0.0
0.0
0.0
0.0
0.0
0.0
0.0
0.0
0.0
0.0
0.0
0.0
0.0
0.0
0.0
0.0
0.0
0.0
0.0
0.0
0.0
0.0
0.0
0.0
0.0
0.0
0.0
0.0
0.0
0.0
0.0
0.0
0.0
